
my_colors=[
[214	193	222]; %purple
[177	120	166];
[136	46	114];
[25	101	176]; %blue
[82	137	199];
[123	175	222];
[78	178	101];
[144	201	135];%green
[202	224	171];%light green
[247	238	85];%yellow
[246	193	65];
[241	147	45];%orange
[232	96	28];
[220	5	12];%red
[119	119	119]] ./255;

my_colors2 = [
[102	204	238];
[34	136	51];
[204	187	68];
[238	102	119];
[170	51	119];
[68	119	170];
[187	187	187] ]./255;

mycm = [
0.0039    0.2667    0.0980
    0.0082    0.2747    0.1024
    0.0124    0.2827    0.1068
    0.0166    0.2907    0.1112
    0.0209    0.2987    0.1156
    0.0251    0.3067    0.1200
    0.0293    0.3147    0.1244
    0.0336    0.3227    0.1288
    0.0378    0.3307    0.1332
    0.0420    0.3387    0.1376
    0.0463    0.3467    0.1420
    0.0505    0.3547    0.1464
    0.0547    0.3627    0.1507
    0.0590    0.3707    0.1551
    0.0632    0.3787    0.1595
    0.0675    0.3867    0.1639
    0.0717    0.3947    0.1683
    0.0759    0.4027    0.1727
    0.0802    0.4107    0.1771
    0.0844    0.4187    0.1815
    0.0886    0.4267    0.1859
    0.0929    0.4347    0.1903
    0.0971    0.4427    0.1947
    0.1013    0.4507    0.1991
    0.1056    0.4587    0.2035
    0.1098    0.4667    0.2078
    0.1192    0.4750    0.2143
    0.1285    0.4833    0.2208
    0.1379    0.4916    0.2273
    0.1472    0.4998    0.2338
    0.1566    0.5081    0.2403
    0.1659    0.5164    0.2468
    0.1753    0.5247    0.2532
    0.1846    0.5330    0.2597
    0.1940    0.5413    0.2662
    0.2033    0.5496    0.2727
    0.2127    0.5579    0.2792
    0.2220    0.5662    0.2857
    0.2314    0.5745    0.2922
    0.2407    0.5828    0.2986
    0.2501    0.5911    0.3051
    0.2594    0.5994    0.3116
    0.2688    0.6077    0.3181
    0.2781    0.6160    0.3246
    0.2875    0.6243    0.3311
    0.2968    0.6326    0.3376
    0.3062    0.6409    0.3440
    0.3155    0.6492    0.3505
    0.3249    0.6575    0.3570
    0.3342    0.6658    0.3635
    0.3436    0.6741    0.3700
    0.3529    0.6824    0.3765
    0.3649    0.6894    0.3860
    0.3768    0.6965    0.3956
    0.3887    0.7035    0.4052
    0.4006    0.7106    0.4147
    0.4125    0.7176    0.4243
    0.4245    0.7247    0.4339
    0.4364    0.7318    0.4435
    0.4483    0.7388    0.4530
    0.4602    0.7459    0.4626
    0.4722    0.7529    0.4722
    0.4841    0.7600    0.4817
    0.4960    0.7671    0.4913
    0.5079    0.7741    0.5009
    0.5198    0.7812    0.5104
    0.5318    0.7882    0.5200
    0.5437    0.7953    0.5296
    0.5556    0.8024    0.5391
    0.5675    0.8094    0.5487
    0.5795    0.8165    0.5583
    0.5914    0.8235    0.5678
    0.6033    0.8306    0.5774
    0.6152    0.8376    0.5870
    0.6271    0.8447    0.5965
    0.6391    0.8518    0.6061
    0.6510    0.8588    0.6157
    0.6584    0.8621    0.6243
    0.6658    0.8655    0.6329
    0.6732    0.8688    0.6415
    0.6805    0.8721    0.6501
    0.6879    0.8754    0.6587
    0.6953    0.8787    0.6673
    0.7027    0.8821    0.6759
    0.7101    0.8854    0.6845
    0.7175    0.8887    0.6931
    0.7249    0.8920    0.7017
    0.7323    0.8953    0.7103
    0.7397    0.8986    0.7189
    0.7471    0.9020    0.7275
    0.7544    0.9053    0.7360
    0.7618    0.9086    0.7446
    0.7692    0.9119    0.7532
    0.7766    0.9152    0.7618
    0.7840    0.9186    0.7704
    0.7914    0.9219    0.7790
    0.7988    0.9252    0.7876
    0.8062    0.9285    0.7962
    0.8136    0.9318    0.8048
    0.8210    0.9351    0.8134
    0.8284    0.9385    0.8220
    0.8357    0.9418    0.8306
    0.8431    0.9451    0.8392
    0.8486    0.9459    0.8444
    0.8541    0.9467    0.8496
    0.8596    0.9475    0.8547
    0.8651    0.9482    0.8599
    0.8706    0.9490    0.8651
    0.8761    0.9498    0.8703
    0.8816    0.9506    0.8755
    0.8871    0.9514    0.8806
    0.8925    0.9522    0.8858
    0.8980    0.9529    0.8910
    0.9035    0.9537    0.8962
    0.9090    0.9545    0.9013
    0.9145    0.9553    0.9065
    0.9200    0.9561    0.9117
    0.9255    0.9569    0.9169
    0.9310    0.9576    0.9220
    0.9365    0.9584    0.9272
    0.9420    0.9592    0.9324
    0.9475    0.9600    0.9376
    0.9529    0.9608    0.9427
    0.9584    0.9616    0.9479
    0.9639    0.9624    0.9531
    0.9694    0.9631    0.9583
    0.9749    0.9639    0.9635
    0.9804    0.9647    0.9686
    0.9775    0.9596    0.9664
    0.9747    0.9544    0.9641
    0.9718    0.9493    0.9618
    0.9689    0.9442    0.9596
    0.9661    0.9391    0.9573
    0.9632    0.9339    0.9551
    0.9603    0.9288    0.9528
    0.9575    0.9237    0.9505
    0.9546    0.9186    0.9483
    0.9517    0.9134    0.9460
    0.9489    0.9083    0.9437
    0.9460    0.9032    0.9415
    0.9431    0.8980    0.9392
    0.9403    0.8929    0.9370
    0.9374    0.8878    0.9347
    0.9345    0.8827    0.9324
    0.9317    0.8775    0.9302
    0.9288    0.8724    0.9279
    0.9259    0.8673    0.9256
    0.9231    0.8621    0.9234
    0.9202    0.8570    0.9211
    0.9173    0.8519    0.9189
    0.9145    0.8468    0.9166
    0.9116    0.8416    0.9143
    0.9087    0.8365    0.9121
    0.9059    0.8314    0.9098
    0.8999    0.8240    0.9056
    0.8940    0.8166    0.9013
    0.8880    0.8093    0.8971
    0.8820    0.8019    0.8929
    0.8761    0.7945    0.8886
    0.8701    0.7871    0.8844
    0.8642    0.7798    0.8802
    0.8582    0.7724    0.8759
    0.8522    0.7650    0.8717
    0.8463    0.7576    0.8675
    0.8403    0.7503    0.8632
    0.8344    0.7429    0.8590
    0.8284    0.7355    0.8547
    0.8224    0.7282    0.8505
    0.8165    0.7208    0.8463
    0.8105    0.7134    0.8420
    0.8045    0.7060    0.8378
    0.7986    0.6987    0.8336
    0.7926    0.6913    0.8293
    0.7867    0.6839    0.8251
    0.7807    0.6765    0.8209
    0.7747    0.6692    0.8166
    0.7688    0.6618    0.8124
    0.7628    0.6544    0.8082
    0.7569    0.6471    0.8039
    0.7511    0.6389    0.7989
    0.7454    0.6308    0.7940
    0.7397    0.6226    0.7890
    0.7339    0.6145    0.7840
    0.7282    0.6063    0.7790
    0.7225    0.5982    0.7741
    0.7167    0.5900    0.7691
    0.7110    0.5819    0.7641
    0.7053    0.5738    0.7591
    0.6995    0.5656    0.7541
    0.6938    0.5575    0.7492
    0.6881    0.5493    0.7442
    0.6824    0.5412    0.7392
    0.6766    0.5330    0.7342
    0.6709    0.5249    0.7293
    0.6652    0.5167    0.7243
    0.6594    0.5086    0.7193
    0.6537    0.5005    0.7143
    0.6480    0.4923    0.7094
    0.6422    0.4842    0.7044
    0.6365    0.4760    0.6994
    0.6308    0.4679    0.6944
    0.6250    0.4597    0.6894
    0.6193    0.4516    0.6845
    0.6136    0.4434    0.6795
    0.6078    0.4353    0.6745
    0.6020    0.4245    0.6682
    0.5962    0.4136    0.6620
    0.5904    0.4028    0.6557
    0.5846    0.3920    0.6494
    0.5788    0.3812    0.6431
    0.5730    0.3704    0.6369
    0.5672    0.3595    0.6306
    0.5614    0.3487    0.6243
    0.5556    0.3379    0.6180
    0.5498    0.3271    0.6118
    0.5440    0.3162    0.6055
    0.5382    0.3054    0.5992
    0.5324    0.2946    0.5929
    0.5266    0.2838    0.5867
    0.5208    0.2729    0.5804
    0.5150    0.2621    0.5741
    0.5092    0.2513    0.5678
    0.5034    0.2405    0.5616
    0.4976    0.2296    0.5553
    0.4918    0.2188    0.5490
    0.4860    0.2080    0.5427
    0.4802    0.1972    0.5365
    0.4744    0.1864    0.5302
    0.4685    0.1755    0.5239
    0.4627    0.1647    0.5176
    0.4548    0.1585    0.5087
    0.4468    0.1523    0.4998
    0.4388    0.1462    0.4910
    0.4308    0.1400    0.4821
    0.4228    0.1338    0.4732
    0.4148    0.1276    0.4643
    0.4068    0.1214    0.4554
    0.3988    0.1152    0.4465
    0.3908    0.1090    0.4376
    0.3828    0.1029    0.4287
    0.3748    0.0967    0.4198
    0.3668    0.0905    0.4109
    0.3588    0.0843    0.4020
    0.3508    0.0781    0.3931
